        0.1902932591        0.0000000000        0.0000000000
       -0.0915961554        0.1372022374        0.0000000000
       -0.0915961554       -0.1372022374        0.0000000000
       -0.0035487225        0.0150893889        0.0000000000
       -0.0035487225       -0.0150893889        0.0000000000
        0.0000000000        0.6251966569        0.0000000000
        0.2146837971       -0.3049354634        0.0000000000
       -0.2146837971       -0.3049354634        0.0000000000
        0.0063494880       -0.0076614603        0.0000000000
       -0.0063494880       -0.0076614603        0.0000000000
        0.0000000000        0.0000000000        0.0111095469
        0.0000000000        0.0000000000       -0.0172830411
        0.0000000000        0.0000000000       -0.0172830411
        0.0000000000        0.0000000000        0.0117287151
        0.0000000000        0.0000000000        0.0117287151
       -0.0915961554        0.2146837971        0.0000000000
        0.8197176488       -0.3018452269        0.0000000000
       -0.4811418214       -0.0468411166        0.0000000000
       -0.2247607422        0.1334081554        0.0000000000
       -0.0222216284        0.0005943640        0.0000000000
        0.1372022374       -0.3049354634        0.0000000000
       -0.3018452269        0.4272258097        0.0000000000
        0.0468411166       -0.0033344509        0.0000000000
        0.1285654591       -0.1231327687        0.0000000000
       -0.0107634939        0.0041744975        0.0000000000
        0.0000000000        0.0000000000       -0.0172830411
        0.0000000000        0.0000000000        0.0864527818
        0.0000000000        0.0000000000       -0.0324638054
        0.0000000000        0.0000000000       -0.0448320211
        0.0000000000        0.0000000000        0.0081249783
       -0.0915961554       -0.2146837971        0.0000000000
       -0.4811418214        0.0468411166        0.0000000000
        0.8197176488        0.3018452269        0.0000000000
       -0.0222216284       -0.0005943640        0.0000000000
       -0.2247607422       -0.1334081554        0.0000000000
       -0.1372022374       -0.3049354634        0.0000000000
       -0.0468411166       -0.0033344509        0.0000000000
        0.3018452269        0.4272258097        0.0000000000
        0.0107634939        0.0041744975        0.0000000000
       -0.1285654591       -0.1231327687        0.0000000000
        0.0000000000        0.0000000000       -0.0172830411
        0.0000000000        0.0000000000       -0.0324638054
        0.0000000000        0.0000000000        0.0864527818
        0.0000000000        0.0000000000        0.0081249783
        0.0000000000        0.0000000000       -0.0448320211
       -0.0035487225        0.0063494880        0.0000000000
       -0.2247607422        0.1285654591        0.0000000000
       -0.0222216284        0.0107634939        0.0000000000
        0.2516606432       -0.1467904867        0.0000000000
       -0.0011286031        0.0011122007        0.0000000000
        0.0150893889       -0.0076614603        0.0000000000
        0.1334081554       -0.1231327687        0.0000000000
       -0.0005943640        0.0041744975        0.0000000000
       -0.1467904867        0.1249396270        0.0000000000
       -0.0011122007        0.0016810754        0.0000000000
        0.0000000000        0.0000000000        0.0117287151
        0.0000000000        0.0000000000       -0.0448320211
        0.0000000000        0.0000000000        0.0081249783
        0.0000000000        0.0000000000        0.0242803263
        0.0000000000        0.0000000000        0.0006986613
       -0.0035487225       -0.0063494880        0.0000000000
       -0.0222216284       -0.0107634939        0.0000000000
       -0.2247607422       -0.1285654591        0.0000000000
       -0.0011286031       -0.0011122007        0.0000000000
        0.2516606432        0.1467904867        0.0000000000
       -0.0150893889       -0.0076614603        0.0000000000
        0.0005943640        0.0041744975        0.0000000000
       -0.1334081554       -0.1231327687        0.0000000000
        0.0011122007        0.0016810754        0.0000000000
        0.1467904867        0.1249396270        0.0000000000
        0.0000000000        0.0000000000        0.0117287151
        0.0000000000        0.0000000000        0.0081249783
        0.0000000000        0.0000000000       -0.0448320211
        0.0000000000        0.0000000000        0.0006986613
        0.0000000000        0.0000000000        0.0242803263
