       -0.6651058663        0.0000000000        1.2509792768
        0.0000000000        2.5262253371        0.0000000000
        0.0000000000        0.0000000000        0.0000000000
       -0.1790063712        0.0000000000       -0.8228212111
        0.0000000000        0.0000000000        0.2999532018
        0.3332150134       -0.0081656745       -0.6148943612
        1.3654329868        0.0000000000        0.0000000000
        0.0000000000        0.0876059365       -0.2548376652
        0.0000000000       -0.4025753969        0.0097337132
        0.5767560645        0.0000000000        0.0000000000
       -0.1016645255        0.4543523958        0.0035257733
        0.0000000000        2.3583402573       -0.0868274530
       -0.6057444192        1.3206182476       -1.2520543747
        0.0000000000        0.0000000000        0.0000000000
       -0.2388184112        0.4060691432        0.0000000000
        0.0354072123        0.6649940989       -1.3493297198
        0.0000000000        0.0000000000        0.2452832754
       -0.0389195073       -0.6468753372        0.0000000000
       -0.0507992797        0.5770600215       -1.3251763403
        1.1900835019        0.0000000000        0.0000000000
       -0.3851721762       -0.6501211820        1.3528502651
        0.0000000000        0.1016663886        1.2113334523
       -1.1698285900        0.0000000000       -1.0735591282
        0.6795019191        0.0000000000        0.0000000000
        0.0000000000        0.0000000000        0.0862369519
       -0.2401730292        0.4027373549        0.0000000000
        0.0000000000       -0.1396763246        0.0000000000
        0.0000000000        0.0000000000       -0.1029684991
        0.2528115329        0.0000000000        0.0000000000
        0.0000000000        0.1108945902        0.0000000000
        0.0000000000        0.0000000000        0.0000000000
        0.2364105834       -0.3819307657        0.0000000000
        0.0000000000        0.0000000000       -0.2440754971
        0.0000000000        0.0000000000        0.0000000000
        0.3863509055        0.0000000000        0.0000000000
       -0.1054135598        0.2407181142       -0.3941813903
        0.0000000000        0.0000000000        0.1279253662
        0.1138311815       -0.2762286616        0.0000000000
       -0.9572586780       -0.2313544359        0.3874476207
        0.0000000000        0.4253525380       -0.4000725760
        0.0000000000        0.0000000000       -0.1119972626
        0.0000000000        0.0000000000        0.3756639324
        0.3332150134        0.0081656745       -0.6148943612
       -1.3654329868        0.0000000000        0.0000000000
        0.0000000000        0.0876059365        0.2548376652
        0.0000000000        0.0574434912        0.0000000000
        0.0361611256        0.0000000000        0.0000000000
        0.0145041104       -0.0278259255       -0.0165756592
        0.0000000000       -3.3102600602        0.0489465389
       -0.0613565748        0.0261429828        0.0000000000
        0.0000000000       -0.0066390736        0.0066944237
       -0.0187965485        0.0000000000        0.0077645215
        0.0662956124       -0.0254800608        0.0000000000
        0.6434797207        0.0391504751        0.0000000000
        0.0000000000        0.0000000000        0.0167528228
       -0.0059341914        0.0000000000        0.0000000000
        0.0000000000       -0.0084924973        0.0000000000
        0.0000000000        0.0000000000        0.0102234487
        0.0000000000        0.0000000000       -0.0045193369
        0.0196377244        0.0000000000        0.6246817862
       -0.0299644154        0.0000000000       -0.4025753969
       -0.0097337125        0.5767560645        0.0000000000
        0.0000000000       -0.1016645255       -0.0278259255
        0.0165756592        0.0000000000        3.3468777793
       -0.0618356944        0.0816701539        0.0000000000
       -0.0067820742       -0.7153468102        0.0000000000
        0.0000000000       -0.0078110737        0.0000000000
        0.0000000000       -0.6147441547        0.4543523958
       -0.0035257733        0.0000000000       -3.3102600602
        0.0745415501        0.0000000000        2.3583402573
        0.0868274530       -0.6057444192       -1.3206182476
       -1.2520543747        0.0000000000        0.0000000000
        0.0000000000        0.2388184112        0.4060691432
        0.0000000000       -0.0489465389       -0.0613565748
       -0.0261429828        0.0000000000        0.0000000000
        0.0066390736        0.0618356944        0.0816701539
        0.0000000000       -0.0745415501        0.0132015911
        0.0000000000        0.0416675694        0.0000000000
        0.0000000000       -0.0230007912        0.0011487240
        0.0067533876        0.0000000000        0.6160336952
        0.1028796220       -0.0105687056        0.0000000000
       -0.0341599523        0.0795234339        0.0000000000
        0.0000000000        0.0000000000       -0.0000691470
       -0.0185499201        0.0000000000        0.0000000000
        0.0000000000       -0.0003288691        0.0000000000
        0.0000000000        0.0000000000        0.0051102913
        0.0000000000        0.0000000000        0.0031470791
        0.0160687184        0.0000000000        0.0165112847
       -0.0580349015        0.0000000000       -0.0354072123
        0.6649940989        1.3493297198        0.0000000000
        0.0000000000       -0.2452832754       -0.0066944237
       -0.0187965485        0.0000000000        0.0067820742
        0.0011487240       -0.0067533876        0.0000000000
       -0.6195379212       -0.0147762438        0.0000000000
        0.0000000000       -0.0027048737        0.0000000000
        0.0000000000       -0.0049777245        0.0389195073
       -0.6468753372        0.0000000000       -0.0077645215
        0.6160336952        0.0000000000        0.0507992797
        0.5770600215        1.3251763408        1.1900835019
        0.0000000000        0.0000000000       -0.3851721762
        0.0662956124        0.0254800608        0.0000000000
       -0.7153468102       -0.1028796220       -0.0105687056
        0.0000000000        0.0147762438       -0.0557651625
        0.0000000000        0.0000000000        0.0061679110
        0.0000000000        0.0000000000        0.0292090261
       -0.6501211820       -1.3528502651        0.0000000000
        0.6434797207        0.0341599523        0.0000000000
        0.1016663886       -1.2113334523       -1.1698285900
        0.0000000000       -0.0391504751        0.0795234339
        0.0000000000        1.0735591282        0.6795019191
        0.0000000000        0.0000000000        0.0000000000
        0.0000000000        0.0862369519        0.2401730292
        0.4027373549        0.0000000000        0.0000000000
       -0.1396763246        0.0000000000        0.0000000000
        0.0000000000        0.0167528228        0.0059341914
        0.0000000000        0.0000000000        0.0000000000
       -0.0078110737        0.0000000000        0.0000000000
        0.0000000000        0.0000000000        0.0000691470
       -0.0185499201        0.0000000000        0.0000000000
        0.0000000000        0.0027048737        0.0000000000
        0.0000000000        0.0000000000        0.0061679110
        0.0000000000        0.0000000000        0.0106275547
        0.0000000000       -0.0009134593        0.0000000000
        0.0000000000        0.0022493489       -0.0063745789
        0.0112906136        0.0000000000        0.6184596843
        0.0029296810       -0.0045269737        0.0000000000
       -0.0081183040       -0.0384014505        0.0000000000
        0.0000000000       -0.0009092768        0.0000000000
        0.0000000000       -0.1272716732        0.0000000000
        0.0000000000        0.0000000000       -0.1029684991
       -0.2528115329        0.0000000000        0.0000000000
        0.0000000000       -0.0084924973        0.0000000000
        0.0000000000        0.0000000000        0.0003288691
        0.0000000000        0.0000000000       -0.0063745789
       -0.0112906136        0.0000000000       -0.6106328364
        0.0101565286        0.0000000000        0.0000000000
        0.0000000000        0.1108945902        0.0000000000
        0.0000000000        0.6184596843        0.0000000000
        0.0000000000        0.0000000000        0.0000000000
       -0.2364105834       -0.3819307657        0.0000000000
        0.0000000000        0.0000000000       -0.0102234487
        0.0000000000        0.0000000000        0.0000000000
        0.0051102913        0.0000000000        0.0000000000
       -0.0029296810       -0.0045269737        0.0000000000
       -0.0101565286        0.0577907255        0.0000000000
        0.0000000000        0.0000000000        0.2440754971
        0.0000000000        0.0000000000        0.0081183040
        0.0000000000        0.0000000000        0.0000000000
        0.3863509055        0.0000000000        0.0000000000
       -0.0384014505        0.0000000000        0.0000000000
       -0.1054135598       -0.2407181142       -0.3941813903
        0.0000000000        0.0000000000        0.1279253662
       -0.0045193369       -0.0196377244        0.0000000000
       -0.6147441547       -0.0031470791        0.0160687184
        0.0000000000        0.0049777245        0.0292090261
        0.0000000000        0.0000000000       -0.0009092768
        0.0000000000        0.0000000000        0.1355528207
        0.1138311815        0.2762286616        0.0000000000
        0.6246817862       -0.0165112847        0.0000000000
       -0.9572586780        0.2313544359        0.3874476207
        0.0000000000        0.0299644154       -0.0580349015
        0.0000000000       -0.4253525380       -0.4000725760
        0.0000000000        0.0000000000       -0.1119972626
        0.0000000000        0.0000000000       -0.1272716732
        0.0000000000        0.0000000000        0.3756639324
       -0.0006624220       -0.0002495167       -0.0105889372
        0.0053476682        0.0000000000        0.0000000000
        0.0000000000        0.0018965220       -0.0007287036
        0.0000000000        0.0156841346        0.0007554125
        0.0029084957        0.0000000000        0.0000000000
       -0.0002619023       -0.0299587559       -0.0019816938
        0.0000000000        0.5256080937        0.0057851237
        0.0029585492        0.0025055937        0.0000000000
        0.0000000000       -0.0013643028       -0.0019339356
       -0.0012656504        0.0000000000        0.0912329075
        0.0018875652        0.0011220144        0.0000000000
       -0.0954446739       -0.2078978466        0.0000000000
        0.0000000000        0.0000000000        0.0006620125
       -0.0069382116        0.0000000000        0.0000000000
        0.0000000000       -0.0004177466        0.0000000000
        0.0000000000        0.0000000000       -0.0022263452
        0.0000000000        0.0000000000       -0.0044371416
        0.0123824649        0.0000000000        0.2058028406
       -0.1640304597        0.0000000000       -0.0037682662
        0.0023321796       -0.0009397604        0.0000000000
        0.0000000000       -0.0001828908       -0.0008988660
        0.0010280458        0.0000000000       -0.0112036224
       -0.0035474359        0.0003112981        0.0000000000
       -0.0045925528       -0.0013967846        0.0000000000
        0.0000000000       -0.0008067638        0.0000000000
        0.0000000000       -0.0010590260        0.0060139541
       -0.0053073689        0.0000000000        0.0024139874
        0.0133155179        0.0000000000       -0.0280508697
        0.0033076047       -0.0008595651       -0.0000662156
        0.0000000000        0.0000000000       -0.0015372396
       -0.0097339400       -0.0018201007        0.0000000000
        0.0192240928       -0.0077485866       -0.0040374659
        0.0000000000        0.0018620389       -0.0281233797
        0.0000000000        0.0000000000        0.0048421128
        0.0000000000        0.0000000000       -0.0087267146
        0.0012456253        0.0019451424        0.0000000000
        0.0030894789        0.0004920301        0.0000000000
        0.0092747784        0.0048841652        0.0033192635
        0.0000000000        0.0069596691        0.0258207284
        0.0000000000        0.0004212935       -0.0309770275
        0.0000000000        0.0000000000        0.0000000000
       -0.0006827880       -0.0002337638        0.0000000000
        0.0000000000        0.0000000000        0.0003567380
        0.0000000000        0.0000000000        0.0000000000
        0.0017393618        0.0000000000        0.0000000000
        0.0010594814        0.0045813886        0.0000000000
        0.0016365256       -0.0073925094        0.0000000000
        0.0000000000        0.0000000000        0.0009836066
        0.0000000000        0.0000000000       -0.0030893427
        0.0000000000        0.0000000000        0.0000000000
        0.0003306433        0.0000000000        0.0000000000
       -0.0024240143        0.0000000000        0.0000000000
        0.0005379007       -0.0034904941        0.0000000000
       -0.0043599484        0.0059537860        0.0000000000
        0.0129434606        0.0000041383        0.0000000000
       -0.0117212252       -0.0028375310        0.0089257476
        0.0000000000        0.0000000000       -0.0013550748
        0.0159027362        0.0012799702        0.0000000000
       -0.4844437628        0.0003040242       -0.0019898526
        0.0000000000       -0.0865155868        0.0965129088
        0.0000000000        0.0000000000        0.0003912421
        0.0000000000        0.0000000000       -0.2008317518
       -0.0006148685        0.0008634527        0.0000000000
        0.0070578891       -0.0040290556        0.0000000000
        0.0196205173        0.0045715044        0.0007497091
        0.0000000000       -0.0137228086        0.0038744407
        0.0000000000       -0.0118028277       -0.0107036564
        0.0000000000        0.0000000000       -0.0008299924
        0.0000000000        0.0000000000        0.0006804261
        0.0000000000        0.0000000000       -0.0096466742
       -0.0040639716        0.0005336953        0.0000000000
        0.4623136732        0.0914705135        0.0000000000
       -0.0249954406        0.0221278360        0.0000000000
       -0.4339841465       -0.0079097245       -0.0197478100
        0.0105663422       -0.0110635525        0.0000000000
        0.0000000000        0.0000000000       -0.0054521621
        0.0053396006        0.0000000000        0.0191997469
        0.0051066319        0.0040689257        0.0000000000
        0.0000000000        0.0024281498       -0.0287892781
       -0.0041603947        0.0000000000        0.1379545329
        0.0120066784        0.0029738254        0.0186546855
        0.0000000000        0.0000000000        0.0024757022
       -0.0127302227       -0.0080019666        0.0000000000
       -0.0771041729        0.0198596451       -0.0124225381
        0.0000000000       -0.2562302232        0.4392449420
        0.0000000000        0.0000000000        0.0000000000
        0.0018168720       -0.0041649658        0.0000000000
        0.0000000000        0.0000000000       -0.0083184708
        0.0000000000        0.0000000000        0.0000000000
       -0.0084375804        0.0000000000        0.0000000000
       -0.0124630225       -0.0046780887        0.0000000000
       -0.1631996944        0.0675080502        0.0000000000
       -0.0025100945        0.0061522711       -0.0059748355
        0.0000000000        0.0000000000       -0.0004874398
       -0.0006430764        0.0007167705        0.0000000000
       -0.0000713514       -0.0001120630        0.0051657320
        0.0000000000       -0.0097609218        0.0057446628
        0.0000000000        0.0000000000        0.0017466322
        0.0000000000        0.0000000000        0.0128004826
        0.0038641901       -0.0073947359        0.0000000000
       -0.0020973254        0.0119579439        0.0000000000
        0.0161337275        0.0034784488       -0.0015827001
        0.0016541891        0.0000000000        0.0000000000
       -0.0003696927       -0.0059816770       -0.0009273256
        0.0000000000        0.0056894501       -0.0135214364
       -0.0102628854        0.0000000000        0.0078475112
       -0.0507559543        0.0000000000        0.0000000000
        0.0058453130        0.0000000000        0.0000000000
        0.0060613952       -0.0032881910        0.0022742148
        0.0000000000        0.0046146244       -0.0047780350
        0.0000000000        0.0062789964        0.0088958112
        0.0027250373        0.0000000000        0.0046463783
        0.0375642970        0.0000000000       -0.0111112432
       -0.0284283366        0.0000000000        0.0000000000
        0.0000000000       -0.0020142631        0.0019101570
        0.0000000000        0.0000000000        0.0000000000
        0.0033312426        0.0000000000        0.0000000000
        0.0000000000        0.0014263107        0.0000000000
        0.0000000000        0.0040456722        0.0049840864
        0.0000000000        0.0001139729       -0.0064455904
        0.0000000000        0.0000000000        0.0000000000
        0.0000881036        0.0000000000        0.0000000000
       -0.0068698823        0.0000000000        0.0000000000
        0.0000000000       -0.0010936232        0.0000000000
        0.0000000000       -0.0084173498        0.0000000000
        0.0000000000        0.0000458709       -0.0046586762
        0.0000000000       -0.0025029336        0.0066945371
        0.0000000000        0.0024371054        0.0031555807
        0.0000000000       -0.0088119789        0.0084671285
       -0.0082237262        0.0000000000        0.0000000000
        0.0035703708        0.0100305544       -0.0006613524
        0.0000000000       -0.1097092929        0.0020135848
        0.0000135028        0.0000000000        0.0975346349
        0.2339235614        0.0000000000        0.0000000000
        0.0041633733        0.0000000000        0.0000000000
        0.1608001427        0.0001710490       -0.0003138667
        0.0000000000        0.0016447783       -0.0001644804
        0.0000000000       -0.0166691742        0.0049021682
        0.0006324407        0.0000000000       -0.0050804231
        0.0083967110        0.0000000000       -0.0049175806
       -0.0014599077        0.0000000000        0.0000000000
       -0.0012454647        0.0000000000        0.0000000000
        0.0039728885        0.0000000000        0.0000000000
       -0.0004058364       -0.0015882682       -0.0076585496
        0.0000000000        0.0993942861       -0.0994880057
        0.0000000000        0.0143431097        0.0051455710
        0.0000000000       -0.1135972352        0.0041664410
       -0.0119572617       -0.0093564484        0.0000000000
        0.0000000000       -0.0071203737        0.0134090770
        0.0034532172        0.0000000000        0.0769597876
       -0.0104689859        0.0034999293        0.0000000000
        0.2597053736       -0.3780409351        0.0000000000
        0.0000000000        0.0070043574        0.0000000000
        0.0000000000       -0.0666144546       -0.0029476618
       -0.0000575541        0.0000000000        0.0050503048
       -0.0078250300        0.0000000000       -0.0094583293
        0.0073654370        0.0053493069        0.0000000000
       -0.0098716889        0.0251920852        0.0000000000
        0.0102902546       -0.0138313696        0.0000000000
        0.0000000000       -0.0019940818        0.0000000000
        0.0000000000        0.0060200267        0.0000000000
        0.0000000000       -0.0029135868       -0.0151386417
        0.0081257590        0.0000000000       -0.0939733558
       -0.2428276001        0.0000000000        0.0057670060
       -0.0075927896        0.0000000000        0.1032854356
        0.0154071590        0.0010950803        0.0000000000
       -0.2555768024        0.3497887184        0.0000000000
       -0.0010906691       -0.0163812651        0.0000000000
        0.2425926544       -0.3351547681        0.0000000000
        0.0000000000        0.0000000000        0.0000000000
        0.0032658693       -0.0053551472        0.0086749354
        0.0000000000        0.0000000000       -0.0103017762
        0.0000000000        0.0000000000        0.0000000000
       -0.0039354279       -0.0035765530        0.0000000000
        0.0000000000        0.0000000000        0.0035860999
        0.0000000000        0.0000000000        0.0000000000
        0.0000000000        0.0004514335       -0.0069707613
        0.0000000000        0.0000000000        0.0000000000
       -0.0044613280        0.0000000000        0.0000000000
        0.0000000000       -0.0029304069        0.0000000000
        0.0000000000        0.0056801070       -0.0005236720
       -0.0010267040        0.0000000000        0.0000000000
        0.0102310386       -0.0014574989        0.0126861017
        0.0000000000        0.2109406362       -0.0092816199
       -0.0028132997        0.0000000000       -0.1752967956
        0.0592883215        0.0000000000        0.0000000000
       -0.0164789152        0.0000000000        0.0000000000
       -0.1299712751        0.0000000000        0.0000000000
        0.0000000000        0.0025453488        0.0003305958
        0.0000000000        0.0000000000        0.0000000000
        0.0012406926        0.0000000000        0.0000000000
        0.0000000000        0.0022579404        0.0000000000
        0.0000000000       -0.0059175063       -0.0012867888
        0.0000000000       -0.0046091690        0.0107315262
        0.0000000000        0.0000000000        0.0000000000
       -0.0050064120        0.0000000000        0.0000000000
        0.0045971200        0.0000000000        0.0000000000
        0.0000000000        0.0000000000       -0.0018870221
        0.0013806717        0.0000000000        0.0000000000
        0.0000000000        0.0061710468        0.0000000000
        0.0000000000        0.0000000000        0.0063901721
        0.0000000000        0.0000000000        0.0049914094
       -0.0017675916        0.0000000000       -0.0124283801
        0.0018401481        0.0000000000        0.0000000000
        0.0000000000       -0.0005487674        0.0000000000
        0.0000000000       -0.0003006821        0.0000000000
        0.0000000000        0.0000000000       -0.0044145007
        0.0000000000        0.0000000000        0.0078999051
        0.0000000000        0.0000000000        0.0028678989
        0.0000220505       -0.0066179358        0.0000000000
        0.0000000000       -0.0007276153        0.0000576903
        0.0011247187        0.0000000000       -0.0005021244
        0.0051392959        0.0087760878        0.0000000000
        0.0001368849       -0.0048759831        0.0000000000
        0.0000000000       -0.0002158093        0.0000000000
        0.0000000000       -0.0138572371       -0.0030316501
        0.0005595409        0.0000000000       -0.0009477385
       -0.0064023100        0.0000000000        0.0169648100
       -0.0012970199        0.0018240549        0.0000000000
        0.0011479948       -0.0067064040        0.0000000000
       -0.0021381965       -0.0071642930        0.0000000000
        0.0000000000        0.0014576809        0.0000000000
        0.0000000000        0.0064840494        0.0000000000
        0.0000000000       -0.0064198580        0.0000000000
        0.0000000000        0.0000000000       -0.0015295097
        0.0082505960        0.0000000000        0.0000000000
        0.0000000000       -0.0009499192        0.0000000000
        0.0000000000        0.0000000000        0.0012605144
        0.0000000000        0.0000000000        0.0015740609
       -0.0097110518        0.0000000000       -0.2033855123
        0.1725167749        0.0000000000        0.0000000000
        0.0000000000       -0.0000525094        0.0000000000
        0.0000000000        0.0044303252        0.0000000000
        0.0000000000        0.0000000000       -0.0031443047
        0.0000000000        0.0000000000        0.0060915342
        0.0000000000        0.0000000000       -0.0010363427
       -0.0020206780        0.0000000000        0.0008669542
        0.0013435716        0.0000000000       -0.0093485396
        0.0034194817        0.0000000000        0.0000000000
        0.0000000000        0.0026555043        0.0000000000
        0.0000000000        0.1974084508        0.0000000000
        0.0000000000        0.0099006230        0.0000000000
        0.0000000000        0.0000000000        0.0000000000
        0.0062200092       -0.0026855078        0.0000000000
        0.0000000000        0.0000000000        0.0016099312
        0.0000000000        0.0000000000        0.0000000000
        0.0038725995        0.0000000000        0.0000000000
        0.0047123679        0.0047520986        0.0000000000
        0.1737941084       -0.0575921964        0.0000000000
        0.0000000000        0.0000000000       -0.0010905336
        0.0000000000        0.0000000000       -0.0086266547
        0.0000000000        0.0000000000        0.0000000000
       -0.0040196683        0.0000000000        0.0000000000
       -0.0046504010        0.0000000000        0.0000000000
       -0.0019765338       -0.0030902973        0.0000000000
       -0.0014595003        0.0016455282        0.0000000000
        0.0055906828        0.0070801890        0.0000000000
        0.0000000000        0.0000000000       -0.0062662894
        0.0000000000        0.0000000000       -0.1688746177
        0.0000000000        0.0000000000       -0.0031279409
        0.0000000000        0.0000000000        0.0000000000
        0.0024220124        0.0000000000        0.0000000000
        0.0565450359        0.0000000000        0.0000000000
       -0.0033564745        0.0000000000        0.0000000000
       -0.0074883862        0.0058561345       -0.0034754924
        0.0000000000        0.0000000000       -0.0006203689
        0.0024176016       -0.0106532867        0.0000000000
       -0.2121299114        0.0045096525        0.0028140731
        0.0000000000        0.1796910213       -0.0564770666
        0.0000000000        0.0000000000        0.0075611253
        0.0000000000        0.0000000000        0.1628315495
        0.0034854026        0.0008159452        0.0000000000
        0.0069718985       -0.0085906028        0.0000000000
       -0.0146599077       -0.0026260884        0.0003700578
        0.0000000000        0.0071121925       -0.0014975970
        0.0000000000        0.0029181349       -0.0013169758
        0.0000000000        0.0000000000        0.0005821362
        0.0000000000        0.0000000000        0.0050380081
        0.0000000000        0.0000000000        0.0010042940
        0.0017462699        0.0035054092        0.0000000000
        0.2018393171       -0.1749036894        0.0000000000
        0.0049675857       -0.0072652143        0.0000000000
       -0.2087174742       -0.0077852071        0.0004385700
        0.0000000000       -0.1754844617        0.0548478616
        0.0000000000        0.0042392923        0.0019781697
        0.0000000000        0.1787255560       -0.0570884794
        0.0000000000        0.0000000000       -0.0079110879
        0.0000000000        0.0000000000       -0.1765595376
        0.0000000000        0.0000000000       -0.0065668803
        0.0000000000        0.0000000000        0.1918007638
       -0.0006624220        0.0002495167       -0.0105889372
       -0.0053476682        0.0000000000        0.0000000000
        0.0000000000        0.0018965220        0.0007287036
        0.0000000000       -0.0037682662       -0.0023321796
       -0.0009397604        0.0000000000        0.0000000000
       -0.0001828908        0.0060139541        0.0053073689
        0.0000000000       -0.0280508697       -0.0033076047
       -0.0008595651        0.0000662156        0.0000000000
        0.0000000000        0.0015372396       -0.0012456253
        0.0019451424        0.0000000000       -0.0092747784
        0.0048841652       -0.0033192635        0.0000000000
        0.0004212935        0.0309770275        0.0000000000
        0.0000000000        0.0000000000       -0.0006827880
        0.0002337638        0.0000000000        0.0000000000
        0.0000000000        0.0009836066        0.0000000000
        0.0000000000        0.0000000000       -0.0003306433
        0.0000000000        0.0000000000        0.0005379007
        0.0034904941        0.0000000000        0.0129434606
       -0.0000041383        0.0000000000        0.0156841346
       -0.0007554125        0.0029084957        0.0000000000
        0.0000000000       -0.0002619023       -0.0008988660
       -0.0010280458        0.0000000000        0.0024139874
        0.0097339400       -0.0018201007        0.0000000000
       -0.0030894789        0.0069596691        0.0000000000
        0.0000000000        0.0003567380        0.0000000000
        0.0000000000       -0.0043599484       -0.0299587559
        0.0019816938        0.0000000000       -0.0112036224
       -0.0192240928        0.0000000000        0.5256080937
       -0.0057851237        0.0029585492       -0.0025055937
        0.0000000000        0.0000000000        0.0013643028
        0.0035474359        0.0003112981        0.0000000000
       -0.0133155179       -0.0077485866        0.0040374659
        0.0000000000        0.0004920301       -0.0258207284
        0.0000000000        0.0000000000       -0.0017393618
        0.0000000000        0.0000000000       -0.0059537860
        0.0019339356       -0.0012656504        0.0000000000
        0.0045925528        0.0018620389        0.0000000000
       -0.0912329075        0.0018875652       -0.0011220144
        0.0000000000       -0.0013967846        0.0281233797
        0.0000000000       -0.0954446739        0.2078978466
        0.0000000000        0.0000000000        0.0000000000
        0.0006620125        0.0069382116        0.0000000000
        0.0000000000        0.0000000000       -0.0008067638
        0.0000000000        0.0000000000        0.0000000000
       -0.0048421128        0.0000000000        0.0000000000
        0.0010594814       -0.0045813886        0.0000000000
       -0.0030893427        0.0024240143        0.0000000000
        0.0000000000        0.0000000000       -0.0004177466
        0.0000000000        0.0000000000        0.0016365256
        0.0000000000        0.0000000000        0.0000000000
        0.0022263452        0.0000000000        0.0000000000
        0.0073925094        0.0000000000        0.0000000000
       -0.0044371416       -0.0123824649        0.0000000000
       -0.0010590260        0.0087267146        0.0000000000
        0.2058028406        0.1640304597        0.0000000000
        0.0004670257        0.0000000000       -0.0003052754
        0.0000000000        0.0000000000       -0.0000970610
       -0.0007308412       -0.0010833717        0.0000000000
       -0.0000002729       -0.0006082538       -0.0000150255
        0.0000000000        0.0018083714       -0.0015613788
        0.0000000000        0.0000000000        0.0001714812
        0.0000000000        0.0000000000        0.0005247621
       -0.0007308412        0.0010833717        0.0000000000
        0.0026314994       -0.0011463363        0.0000000000
       -0.0000002729        0.0006082538       -0.0000150255
        0.0000000000        0.0011463363        0.0015206900
        0.0000000000       -0.0018083714       -0.0015613788
        0.0000000000        0.0000000000        0.0001714812
        0.0000000000        0.0000000000       -0.0002868171
        0.0000000000        0.0000000000        0.0005247621
        0.0004969854        0.0001605698        0.0000000000
       -0.0008325605       -0.0012296452        0.0000000000
       -0.0010679155       -0.0011750457        0.0000000000
        0.0007291122        0.0000314361        0.0000235490
       -0.0004361134        0.0000000000        0.0000000000
       -0.0000591916        0.0002016679       -0.0010030190
        0.0000000000        0.0006145723       -0.0011777279
       -0.0001520235        0.0000000000        0.0020591374
       -0.0032977613        0.0000000000        0.0000000000
        0.0005918643        0.0000000000        0.0000000000
        0.0020617736       -0.0008816819        0.0008393798
        0.0000000000        0.0011690222       -0.0019206838
        0.0000000000       -0.0012345102        0.0008883653
       -0.0003968347        0.0000000000        0.0007597541
        0.0020559779        0.0000000000       -0.0026877797
       -0.0009709466        0.0000000000        0.0000000000
       -0.0001599337        0.0000000000        0.0000000000
       -0.0012621502        0.0000000000        0.0000000000
        0.0004255655        0.0001982581        0.0001673216
        0.0000000000       -0.0013606651        0.0001059712
        0.0000000000        0.0005104423       -0.0000508712
        0.0000000000        0.0014479975        0.0005094649
        0.0004364531        0.0000000000       -0.0014439058
        0.0014172872        0.0000000000        0.0015883374
       -0.0001911656        0.0000000000        0.0000575306
       -0.0013340926        0.0000000000        0.0000000000
        0.0000000000       -0.0003465079        0.0003502816
        0.0000000000        0.0000000000        0.0000000000
        0.0000588275        0.0000000000        0.0000000000
        0.0000000000        0.0004913029        0.0000000000
        0.0000000000        0.0001210184       -0.0011638612
        0.0000000000       -0.0014887769        0.0013306602
        0.0000000000        0.0000000000        0.0000000000
        0.0012728786        0.0000000000        0.0000000000
        0.0014998685        0.0000000000        0.0000000000
        0.0000000000       -0.0005904092        0.0000000000
        0.0000000000        0.0016449364        0.0000000000
        0.0000000000        0.0011419039        0.0003144578
        0.0000000000        0.0005253083       -0.0002170787
        0.0000000000       -0.0036357911       -0.0011325846
        0.0000000000        0.0000000000        0.0000000000
       -0.0001233378        0.0000000000        0.0000000000
       -0.0000275047        0.0000000000        0.0000000000
       -0.0003820593        0.0000000000        0.0000000000
        0.0000000000       -0.0004730728        0.0000000000
        0.0000000000       -0.0010053371        0.0000000000
        0.0000000000        0.0009740144        0.0000000000
        0.0000000000       -0.0001620711        0.0004759836
        0.0000000000        0.0009009577       -0.0007067467
        0.0000000000       -0.0007657553       -0.0001390218
        0.0000000000        0.0001635253        0.0003044563
        0.0000000000       -0.0117212252        0.0028375310
        0.0089257476        0.0000000000        0.0000000000
       -0.0013550748       -0.0006148685       -0.0008634527
        0.0000000000        0.0196205173       -0.0045715044
        0.0007497091        0.0000000000        0.0118028277
       -0.0107036564        0.0000000000        0.0000000000
       -0.0008299924        0.0000000000        0.0000000000
       -0.0096466742        0.0159027362       -0.0012799702
        0.0000000000        0.0070578891        0.0137228086
        0.0000000000       -0.4844437628       -0.0003040242
       -0.0019898526        0.0000000000        0.0040290556
        0.0038744407        0.0000000000        0.0865155868
        0.0965129088        0.0000000000        0.0000000000
        0.0003912421        0.0000000000        0.0000000000
        0.0006804261        0.0000000000        0.0000000000
       -0.2008317518        0.0004969854       -0.0001605698
        0.0000000000       -0.0010679155        0.0011750457
        0.0000000000       -0.0008325605        0.0012296452
        0.0000000000        0.0006735367        0.0004495932
       -0.0000270270        0.0000000000       -0.0006242108
        0.0009335764        0.0000000000        0.0004368408
        0.0010905787        0.0000000000       -0.0007962137
       -0.0007123374        0.0000000000        0.0000000000
       -0.0008615889        0.0000000000        0.0000000000
       -0.0001046988        0.0000000000        0.0000000000
        0.0023507727        0.0000000000        0.0000000000
       -0.0001376565       -0.0040639716       -0.0005336953
        0.0000000000       -0.0249954406       -0.0221278360
        0.0000000000        0.4623136732       -0.0914705135
        0.0000000000        0.0007291122        0.0005339007
        0.0000000000       -0.4339841465        0.0079097245
       -0.0197478100       -0.0105663422       -0.0110635525
        0.0000000000        0.0000000000        0.0000000000
        0.0054521621        0.0053396006        0.0000000000
        0.0025100945        0.0061522711        0.0059748355
        0.0000000000        0.0000000000        0.0004874398
       -0.0038641901       -0.0073947359        0.0000000000
       -0.0161337275        0.0034784488        0.0015827001
        0.0016541891        0.0000000000        0.0000000000
       -0.0003696927       -0.0032881910       -0.0022742148
        0.0000000000        0.0062789964       -0.0088958112
        0.0027250373        0.0000000000        0.0111112432
       -0.0284283366        0.0000000000        0.0000000000
        0.0000000000        0.0020142631        0.0019101570
        0.0000000000        0.0000000000        0.0000000000
       -0.0000881036        0.0000000000        0.0000000000
        0.0000000000       -0.0010936232        0.0000000000
        0.0000000000       -0.0000458709       -0.0046586762
        0.0000000000       -0.0024371054        0.0031555807
        0.0000000000       -0.0191997469        0.0051066319
       -0.0040689257        0.0000000000        0.0000000000
       -0.0024281498        0.0006430764        0.0007167705
        0.0000000000        0.0020973254       -0.0059816770
        0.0009273256        0.0000000000        0.0046146244
       -0.0046463783        0.0000000000        0.0000000000
       -0.0033312426        0.0000000000        0.0000000000
        0.0025029336        0.0287892781       -0.0041603947
        0.0000000000        0.0000713514        0.0056894501
        0.0000000000       -0.1379545329        0.0120066784
       -0.0029738254        0.0186546855        0.0000000000
        0.0000000000        0.0024757022       -0.0001120630
       -0.0051657320        0.0000000000        0.0119579439
        0.0135214364       -0.0102628854        0.0000000000
        0.0047780350        0.0375642970        0.0000000000
        0.0000000000        0.0014263107        0.0000000000
        0.0000000000        0.0066945371       -0.0127302227
        0.0080019666        0.0000000000       -0.0097609218
       -0.0078475112        0.0000000000       -0.0771041729
       -0.0198596451       -0.0124225381        0.0000000000
       -0.0057446628       -0.0507559543        0.0000000000
        0.2562302232        0.4392449420        0.0000000000
        0.0000000000        0.0000000000       -0.0018168720
       -0.0041649658        0.0000000000        0.0000000000
        0.0000000000       -0.0017466322        0.0000000000
        0.0000000000        0.0000000000        0.0058453130
        0.0000000000        0.0000000000       -0.0040456722
        0.0049840864        0.0000000000        0.0068698823
       -0.0084173498        0.0000000000        0.0000000000
        0.0000000000        0.0083184708        0.0000000000
        0.0000000000       -0.0001139729        0.0000000000
        0.0000000000        0.0000000000       -0.0084375804
        0.0000000000        0.0000000000       -0.0064455904
        0.0000000000        0.0000000000        0.0124630225
       -0.0046780887        0.0000000000       -0.0128004826
        0.0060613952        0.0000000000        0.1631996944
        0.0675080502        0.0000000000       -0.0000314361
        0.0000235490        0.0004361134        0.0000000000
        0.0000000000        0.0000591916        0.0008816819
        0.0008393798        0.0000000000        0.0012345102
        0.0008883653        0.0003968347        0.0000000000
       -0.0026877797        0.0009709466        0.0000000000
        0.0000000000        0.0001599337        0.0000000000
        0.0000000000       -0.0004255655       -0.0002016679
       -0.0010030190        0.0000000000       -0.0011690222
        0.0007597541        0.0000000000       -0.0006145723
       -0.0011777279        0.0001520235        0.0000000000
       -0.0019206838       -0.0020559779        0.0000000000
        0.0020591374        0.0032977613        0.0000000000
        0.0000000000       -0.0005918643        0.0000000000
        0.0000000000        0.0012621502        0.0000000000
        0.0000000000       -0.0020617736       -0.0004495932
       -0.0000270270        0.0000000000       -0.0004368408
        0.0010905787        0.0000000000        0.0006242108
        0.0009335764        0.0000000000       -0.0005339007
        0.0000958778        0.0000000000        0.0001099950
        0.0000000000        0.0000000000       -0.0003253240
        0.0001957810        0.0014077637        0.0000000000
       -0.0013848059        0.0011573834        0.0005336050
        0.0000000000       -0.0033241066        0.0019717594
        0.0000000000        0.0000000000       -0.0002484019
        0.0000000000        0.0000000000       -0.0022776742
        0.0001957810       -0.0014077637        0.0000000000
       -0.0006205509        0.0016934676        0.0000000000
       -0.0013848059       -0.0011573834        0.0005336050
        0.0000000000       -0.0016934676       -0.0017377688
        0.0000000000        0.0033241066        0.0019717594
        0.0000000000        0.0000000000       -0.0002484019
        0.0000000000        0.0000000000        0.0038588732
        0.0000000000        0.0000000000       -0.0022776742
       -0.0002434682       -0.0005483616        0.0000000000
        0.0021800653        0.0004966899        0.0000000000
       -0.0003709237        0.0000234586        0.0000000000
       -0.0012847218       -0.0003470327       -0.0005882499
        0.0000000000        0.0022924687       -0.0004391586
        0.0000000000       -0.0013168415       -0.0003286409
        0.0000000000       -0.0003001138        0.0006515556
        0.0000000000        0.0000000000        0.0000000000
        0.0005707699       -0.0004001092        0.0000000000
        0.0000000000        0.0000000000        0.0002572662
        0.0000000000        0.0000000000        0.0000000000
       -0.0003616931        0.0000000000        0.0000000000
        0.0001004711        0.0008559963        0.0000000000
        0.0012456020       -0.0007247487        0.0000000000
        0.0000000000        0.0000000000       -0.0009496487
        0.0000000000        0.0000000000       -0.0005177604
        0.0000000000        0.0000000000        0.0000000000
        0.0006634216        0.0000000000        0.0000000000
       -0.0033205152        0.0000000000        0.0000000000
       -0.0018869289       -0.0008927258        0.0000000000
       -0.0009496459        0.0011611804        0.0000000000
        0.0023905542        0.0049668145        0.0000000000
        0.0000000000        0.0000000000       -0.0001005153
        0.0000000000        0.0000000000       -0.0000221399
        0.0000000000        0.0000000000        0.0003858758
        0.0000000000        0.0000000000        0.0000000000
        0.0004104725        0.0000000000        0.0000000000
        0.0009460533        0.0000000000        0.0000000000
       -0.0022786711        0.0000000000        0.0000000000
        0.0000457335       -0.0001475676        0.0000000000
       -0.0006658765        0.0003139586        0.0000000000
        0.0006169141        0.0004654373        0.0000000000
       -0.0000627823       -0.0001768917        0.0000000000
        0.0088119789        0.0084671285        0.0082237262
        0.0000000000        0.0000000000       -0.0035703708
       -0.0001710490       -0.0003138667        0.0000000000
        0.0166691742        0.0049021682       -0.0006324407
        0.0000000000       -0.0049175806        0.0014599077
        0.0000000000        0.0000000000        0.0012454647
        0.0000000000        0.0000000000        0.0004058364
       -0.0100305544       -0.0006613524        0.0000000000
       -0.0016447783       -0.0050804231        0.0000000000
        0.1097092929        0.0020135848       -0.0000135028
        0.0000000000       -0.0001644804       -0.0083967110
        0.0000000000        0.0975346349       -0.2339235614
        0.0000000000        0.0000000000       -0.0041633733
        0.0000000000        0.0000000000       -0.0039728885
        0.0000000000        0.0000000000       -0.1608001427
       -0.0001982581        0.0001673216        0.0000000000
       -0.0005104423       -0.0000508712        0.0000000000
        0.0013606651        0.0001059712        0.0000000000
        0.0007962137       -0.0002434682        0.0005483616
        0.0000000000       -0.0003709237       -0.0000234586
        0.0000000000        0.0021800653       -0.0004966899
        0.0000000000       -0.0002809986       -0.0003284151
        0.0000000000        0.0000000000        0.0002227626
        0.0000000000        0.0000000000       -0.0008060331
        0.0000000000        0.0000000000        0.0000605094
        0.0000000000        0.0000000000        0.0000659646
        0.0015882682       -0.0076585496        0.0000000000
       -0.0143431097        0.0051455710        0.0000000000
       -0.0993942861       -0.0994880057        0.0000000000
       -0.0014479975       -0.0012847218        0.0000000000
        0.1135972352        0.0041664410        0.0119572626
       -0.0093564484        0.0000000000        0.0000000000
       -0.0071203737       -0.0029476618        0.0000575541
        0.0000000000       -0.0094583293       -0.0073654370
        0.0053493069        0.0000000000       -0.0102902546
       -0.0138313696        0.0000000000        0.0000000000
       -0.0019940818        0.0000000000        0.0000000000
       -0.0029135868        0.0134090770       -0.0034532172
        0.0000000000        0.0050503048        0.0098716889
        0.0000000000        0.0769597876        0.0104689859
        0.0034999293        0.0000000000        0.0078250300
        0.0251920852        0.0000000000       -0.2597053736
       -0.3780409351        0.0000000000        0.0000000000
        0.0070043574        0.0000000000        0.0000000000
        0.0060200267        0.0000000000        0.0000000000
       -0.0666144546        0.0005094649       -0.0004364531
        0.0000000000        0.0015883374        0.0001911656
        0.0000000000       -0.0014439058       -0.0014172872
        0.0000000000       -0.0007123374        0.0003470327
       -0.0005882499        0.0000000000        0.0013168415
       -0.0003286409        0.0000000000       -0.0022924687
       -0.0004391586        0.0000000000        0.0003284151
        0.0007045642        0.0000000000        0.0000000000
       -0.0003120471        0.0000000000        0.0000000000
        0.0022436623        0.0000000000        0.0000000000
       -0.0029560020        0.0000000000        0.0000000000
       -0.0004548430       -0.0151386417       -0.0081257590
        0.0000000000        0.0057670060        0.0075927896
        0.0000000000       -0.0939733558        0.2428276001
        0.0000000000        0.0000575306        0.0003001138
        0.0000000000        0.1032854356       -0.0154071590
        0.0010950803        0.0000000000        0.0010906691
       -0.0163812651        0.0000000000        0.2555768024
        0.3497887184        0.0000000000        0.0013340926
        0.0006515556        0.0000000000       -0.2425926544
       -0.3351547681        0.0000000000        0.0000000000
        0.0000000000        0.0000000000        0.0032658693
        0.0053551472        0.0086749354        0.0000000000
        0.0000000000       -0.0103017762        0.0000000000
        0.0000000000        0.0000000000        0.0025453488
       -0.0003305958        0.0000000000        0.0000000000
        0.0000000000       -0.0050064120        0.0000000000
        0.0000000000        0.0000000000        0.0000000000
        0.0018870221        0.0013806717        0.0000000000
        0.0000000000        0.0000000000        0.0005487674
        0.0000000000        0.0000000000        0.0000000000
       -0.0044145007        0.0000000000        0.0000000000
        0.0028678989       -0.0000220505       -0.0066179358
        0.0000000000        0.0000000000       -0.0007276153
       -0.0030316501       -0.0005595409        0.0000000000
        0.0169648100        0.0012970199        0.0018240549
        0.0000000000        0.0021381965       -0.0071642930
        0.0000000000        0.0000000000        0.0014576809
        0.0000000000        0.0000000000       -0.0064198580
        0.0000000000        0.0000000000        0.0000000000
       -0.0039354279        0.0035765530        0.0000000000
        0.0000000000        0.0000000000        0.0012406926
        0.0000000000        0.0000000000        0.0000000000
       -0.0061710468        0.0000000000        0.0000000000
        0.0000576903       -0.0011247187        0.0000000000
       -0.0009477385       -0.0011479948        0.0000000000
        0.0000000000        0.0000000000        0.0035860999
        0.0000000000        0.0000000000       -0.0005021244
        0.0000000000        0.0000000000        0.0000000000
        0.0000000000       -0.0004514335       -0.0069707613
        0.0000000000        0.0000000000        0.0000000000
       -0.0022579404        0.0000000000        0.0000000000
        0.0000000000        0.0063901721        0.0000000000
        0.0000000000       -0.0051392959        0.0087760878
        0.0000000000        0.0064023100       -0.0067064040
        0.0000000000        0.0000000000        0.0000000000
        0.0044613280        0.0000000000        0.0000000000
       -0.0001368849        0.0000000000        0.0000000000
        0.0000000000       -0.0029304069        0.0000000000
        0.0000000000       -0.0048759831        0.0000000000
        0.0000000000        0.0056801070        0.0005236720
       -0.0010267040        0.0000000000        0.0000000000
        0.0102310386       -0.0059175063        0.0012867888
        0.0000000000        0.0045971200       -0.0049914094
       -0.0017675916        0.0000000000        0.0003006821
        0.0078999051        0.0000000000        0.0000000000
       -0.0002158093        0.0000000000        0.0000000000
        0.0064840494       -0.0014574989       -0.0126861017
        0.0000000000       -0.0046091690        0.0124283801
        0.0000000000        0.2109406362        0.0092816199
       -0.0028132997        0.0000000000       -0.0107315262
        0.0018401481        0.0000000000        0.1752967956
        0.0592883215        0.0000000000        0.0000000000
       -0.0164789152        0.0000000000        0.0000000000
       -0.0138572371        0.0000000000        0.0000000000
       -0.1299712751        0.0000000000        0.0000000000
        0.0000000000       -0.0003465079       -0.0003502816
        0.0000000000        0.0000000000        0.0000000000
        0.0012728786        0.0000000000        0.0000000000
        0.0000000000        0.0005904092        0.0000000000
        0.0000000000        0.0011419039       -0.0003144578
        0.0000000000       -0.0036357911        0.0011325846
        0.0000000000        0.0000000000        0.0000000000
        0.0000588275        0.0000000000        0.0000000000
        0.0005253083        0.0000000000        0.0000000000
        0.0000000000       -0.0004913029        0.0000000000
        0.0000000000        0.0002170787        0.0000000000
        0.0000000000        0.0001210184        0.0011638612
        0.0000000000        0.0014998685       -0.0016449364
        0.0000000000       -0.0014887769       -0.0013306602
        0.0000000000        0.0000000000        0.0000000000
       -0.0008615889        0.0000000000        0.0000000000
        0.0023507727        0.0000000000        0.0000000000
       -0.0001046988        0.0000000000        0.0000000000
        0.0000000000        0.0000000000       -0.0005707699
       -0.0004001092        0.0000000000        0.0000000000
        0.0000000000        0.0009496487        0.0000000000
        0.0000000000        0.0000000000        0.0006634216
        0.0000000000        0.0000000000        0.0018869289
       -0.0008927258        0.0000000000       -0.0023905542
        0.0049668145        0.0000000000        0.0000000000
        0.0000000000       -0.0002572662        0.0000000000
        0.0000000000        0.0009496459        0.0000000000
        0.0000000000        0.0000000000       -0.0003616931
        0.0000000000        0.0000000000        0.0011611804
        0.0000000000        0.0000000000       -0.0001004711
        0.0008559963        0.0000000000        0.0005177604
       -0.0033205152        0.0000000000       -0.0012456020
       -0.0007247487        0.0000000000        0.0000000000
        0.0000000000       -0.0002227626        0.0000000000
        0.0000000000       -0.0000605094        0.0000000000
        0.0000000000        0.0008060331        0.0000000000
        0.0000000000        0.0000000000       -0.0003120471
        0.0000000000        0.0000000000       -0.0029560020
        0.0000000000        0.0000000000        0.0022436623
        0.0000000000        0.0000000000       -0.0043263067
        0.0000000000        0.0024446975        0.0000000000
        0.0000000000        0.0014186297        0.0029178150
        0.0004191096        0.0000000000       -0.0018948838
       -0.0008184901       -0.0018068254        0.0000000000
       -0.0000692829        0.0049949563        0.0000000000
        0.0000000000       -0.0010968521        0.0000000000
        0.0000000000       -0.0025268923        0.0029178150
       -0.0004191096        0.0000000000       -0.0026557297
        0.0020033107        0.0000000000       -0.0018948838
        0.0008184901       -0.0018068254        0.0000000000
       -0.0020033107       -0.0000259136        0.0000000000
        0.0000692829        0.0049949563        0.0000000000
        0.0000000000       -0.0010968521        0.0000000000
        0.0000000000        0.0025513950        0.0000000000
        0.0000000000       -0.0025268923       -0.0007545706
       -0.0000233669        0.0000000000        0.0016291179
       -0.0002171244        0.0000000000        0.0000030007
        0.0008979584        0.0000000000       -0.0012470568
       -0.0011702748        0.0005845004        0.0000000000
        0.0015402841       -0.0027737482        0.0000000000
       -0.0001123804       -0.0003881054        0.0000000000
       -0.0004569357        0.0014780480        0.0000000000
        0.0000000000        0.0003878828        0.0000000000
        0.0000000000        0.0011305371        0.0000000000
        0.0000000000       -0.0000575995        0.0000000000
        0.0000000000       -0.0007646177        0.0000000000
        0.0000000000        0.0000000000       -0.0015295097
       -0.0082505960        0.0000000000        0.0000000000
        0.0000000000       -0.0000525094        0.0000000000
        0.0000000000        0.0000000000        0.0031443047
        0.0000000000        0.0000000000       -0.0010363427
        0.0020206780        0.0000000000       -0.0093485396
       -0.0034194817        0.0000000000        0.0000000000
        0.0000000000       -0.0009499192        0.0000000000
        0.0000000000        0.0008669542        0.0000000000
        0.0000000000        0.0000000000       -0.0012605144
        0.0000000000        0.0000000000       -0.0013435716
        0.0000000000        0.0000000000        0.0015740609
        0.0097110518        0.0000000000        0.0044303252
       -0.0060915342        0.0000000000       -0.2033855123
       -0.1725167749        0.0000000000        0.0000000000
        0.0000000000       -0.0001233378        0.0000000000
        0.0000000000       -0.0003820593        0.0000000000
        0.0000000000       -0.0000275047        0.0000000000
        0.0000000000        0.0000000000        0.0001005153
        0.0000000000        0.0000000000       -0.0003858758
        0.0000000000        0.0000000000        0.0000221399
        0.0000000000        0.0000000000       -0.0007545706
        0.0000233669        0.0000000000        0.0000030007
       -0.0008979584        0.0000000000        0.0016291179
        0.0002171244        0.0000000000        0.0003690114
        0.0002001678        0.0000000000        0.0000000000
        0.0000000000        0.0026555043        0.0000000000
        0.0000000000        0.0099006230        0.0000000000
        0.0000000000        0.1974084508        0.0000000000
        0.0000000000       -0.0012470568        0.0000000000
        0.0000000000        0.0000000000        0.0000000000
       -0.0062200092       -0.0026855078        0.0000000000
        0.0000000000        0.0000000000        0.0010905336
        0.0000000000        0.0000000000        0.0000000000
       -0.0040196683        0.0000000000        0.0000000000
        0.0019765338       -0.0030902973        0.0000000000
       -0.0055906828        0.0070801890        0.0000000000
        0.0000000000        0.0000000000       -0.0016099312
        0.0000000000        0.0000000000        0.0014595003
        0.0000000000        0.0000000000        0.0000000000
        0.0038725995        0.0000000000        0.0000000000
        0.0016455282        0.0000000000        0.0000000000
       -0.0047123679        0.0047520986        0.0000000000
        0.0086266547       -0.0046504010        0.0000000000
       -0.1737941084       -0.0575921964        0.0000000000
        0.0000000000        0.0000000000        0.0004730728
        0.0000000000        0.0000000000       -0.0009740144
        0.0000000000        0.0000000000        0.0010053371
        0.0000000000        0.0000000000        0.0000000000
        0.0004104725        0.0000000000        0.0000000000
       -0.0022786711        0.0000000000        0.0000000000
        0.0009460533        0.0000000000        0.0000000000
        0.0011702748        0.0005845004        0.0000000000
        0.0001123804       -0.0003881054        0.0000000000
       -0.0015402841       -0.0027737482        0.0000000000
       -0.0002001678        0.0010989457        0.0000000000
        0.0000000000        0.0000000000        0.0062662894
        0.0000000000        0.0000000000        0.0031279409
        0.0000000000        0.0000000000        0.1688746177
        0.0000000000        0.0000000000        0.0004569357
        0.0000000000        0.0000000000        0.0000000000
        0.0024220124        0.0000000000        0.0000000000
       -0.0033564745        0.0000000000        0.0000000000
        0.0565450359        0.0000000000        0.0000000000
        0.0014780480        0.0000000000        0.0000000000
       -0.0074883862       -0.0058561349       -0.0034754924
        0.0000000000        0.0000000000       -0.0006203689
        0.0034854026       -0.0008159452        0.0000000000
       -0.0146599077        0.0026260884        0.0003700578
        0.0000000000       -0.0029181349       -0.0013169758
        0.0000000000        0.0000000000        0.0005821362
        0.0000000000        0.0000000000        0.0010042940
        0.0024176016        0.0106532867        0.0000000000
        0.0069718985       -0.0071121925        0.0000000000
       -0.2121299114       -0.0045096525        0.0028140731
        0.0000000000        0.0085906028       -0.0014975970
        0.0000000000       -0.1796910213       -0.0564770666
        0.0000000000        0.0000000000        0.0075611253
        0.0000000000        0.0000000000        0.0050380081
        0.0000000000        0.0000000000        0.1628315495
       -0.0001620711       -0.0004759836        0.0000000000
       -0.0007657553        0.0001390218        0.0000000000
        0.0009009577        0.0007067467        0.0000000000
       -0.0001376565       -0.0000457335       -0.0001475676
        0.0000000000       -0.0006169141        0.0004654373
        0.0000000000        0.0006658765        0.0003139586
        0.0000000000       -0.0000659646       -0.0004548430
        0.0000000000        0.0000000000        0.0003878828
        0.0000000000        0.0000000000       -0.0000575995
        0.0000000000        0.0000000000        0.0011305371
        0.0000000000        0.0000000000       -0.0006963350
        0.0017462699       -0.0035054092        0.0000000000
        0.0049675857        0.0072652143        0.0000000000
        0.2018393171        0.1749036894        0.0000000000
        0.0001635253        0.0000627823        0.0000000000
       -0.2087174742        0.0077852071        0.0004385700
        0.0000000000       -0.0042392923        0.0019781697
        0.0000000000        0.1754844617        0.0548478616
        0.0000000000       -0.0003044563       -0.0001768917
        0.0000000000       -0.1787255560       -0.0570884794
        0.0000000000        0.0000000000       -0.0079110879
        0.0000000000        0.0000000000       -0.0065668803
        0.0000000000        0.0000000000       -0.1765595376
        0.0000000000        0.0000000000       -0.0007646177
        0.0000000000        0.0000000000        0.1918007638
