        0.0000000000        0.4355742534        0.0000000000
        1.4935709359        0.0000000000        0.0000000000
        0.0000000000        0.0000000000       -0.2469571991
        0.0000000000        0.0350100694       -0.2111431293
        0.5152630329        0.0000000000        0.0000000000
       -0.0899359499       -0.0372939078        0.2416121894
        0.0000000000        1.3396283291       -0.1967158182
        0.5171582211       -0.7456852512        0.0000000000
        0.0000000000        0.1187443361        0.2412931039
       -0.5164096718        0.0000000000       -0.0094553486
       -0.5190410541        0.6972750226        0.0000000000
        0.2876246145       -0.7889816182        0.0000000000
        0.0000000000        0.0000000000       -0.0567356363
        0.1130764494        0.0000000000        0.0000000000
        0.0000000000        0.0747133927        0.0000000000
        0.0000000000        0.0000000000       -0.1078687925
        0.0000000000        0.0000000000        0.0554297921
       -0.1072395158        0.0000000000       -0.1018590331
        0.0382899636        0.0000000000       -0.0350100694
       -0.2111431293       -0.5152630329        0.0000000000
        0.0000000000        0.0899359499        0.0000000000
       -0.0319041205        0.0000000000       -1.3797919906
       -0.0466500458       -0.0041480817        0.0000000000
        0.0140754196        0.1303372253        0.0000000000
        0.0000000000       -0.0156352050        0.0000000000
        0.0000000000        0.1440346798        0.0372939078
        0.2416121894        0.0000000000        1.3797919906
        0.0232810177        0.0000000000       -1.3396283291
       -0.1967158182       -0.5171582211       -0.7456852512
        0.0000000000        0.0000000000        0.1187443361
       -0.0466500458        0.0041480817        0.0000000000
        0.0232810177        0.0000000000        0.0540304672
        0.0000000000        0.1308319760       -0.0196429511
        0.0000000000        0.0000000000       -0.0076616446
        0.0000000000        0.0000000000        0.0021831652
        0.2412931039        0.5164096718        0.0000000000
        0.0140754196       -0.1308319760        0.0000000000
       -0.0094553486        0.5190410541        0.6972750226
        0.0000000000       -0.1303372253       -0.0196429511
        0.0000000000       -0.2876246145       -0.7889816182
        0.0000000000        0.0000000000        0.0000000000
        0.0567356363        0.1130764494        0.0000000000
        0.0000000000        0.0000000000        0.0156352050
        0.0000000000        0.0000000000        0.0000000000
       -0.0076616446        0.0000000000        0.0000000000
        0.0000000000        0.0094563800        0.0000000000
        0.1368117911       -0.0041425762        0.0000000000
        0.0000000000        0.0000000000       -0.0747133927
        0.0000000000        0.0000000000       -0.1368117911
        0.0000000000        0.0000000000        0.0000000000
       -0.1078687925        0.0000000000        0.0000000000
       -0.0041425762        0.0000000000        0.0000000000
       -0.0554297921       -0.1072395158        0.0000000000
       -0.1440346798        0.0021831652        0.0000000000
        0.1018590331        0.0382899636        0.0000000000
       -0.0026451971       -0.0066424600        0.0104131415
        0.0000000000        0.0000000000       -0.0001975456
        0.0029751888        0.0009886324        0.0000000000
        0.1075424953        0.0014654412        0.0016492129
        0.0000000000       -0.2313941876        0.0998575962
        0.0000000000        0.0000000000       -0.0036903273
        0.0000000000        0.0000000000       -0.1003785073
        0.0006933328        0.0004447631        0.0000000000
       -0.0017075093        0.0074928891        0.0000000000
        0.0300835357        0.0006046609       -0.0017506803
        0.0000000000        0.0018026786       -0.0070958086
        0.0000000000       -0.0145175810       -0.0012194179
        0.0000000000        0.0000000000       -0.0013478060
        0.0000000000        0.0000000000       -0.0025966275
        0.0000000000        0.0000000000       -0.0027729147
       -0.0010227734        0.0052535616        0.0000000000
       -0.1101544066        0.2233053803        0.0000000000
       -0.0277260919        0.0129804346        0.0000000000
        0.1397266324       -0.0210714979        0.0151601058
       -0.0010982144        0.0000000000        0.0000000000
        0.0047332166        0.0154002473       -0.0040670270
        0.0000000000       -0.2488299737        0.0036020106
       -0.0010561181        0.0000000000        0.0899096850
        0.1034172558        0.0000000000        0.0000000000
        0.0016417675        0.0000000000        0.0000000000
        0.0652080569        0.0010998313       -0.0010666270
        0.0000000000        0.0018769052        0.0026998311
        0.0000000000       -0.0066073490        0.0017179727
       -0.0045660233        0.0000000000       -0.0019430512
       -0.0073708682        0.0000000000       -0.0080427871
        0.0079303761        0.0000000000        0.0000000000
        0.0008133568        0.0000000000        0.0000000000
       -0.0005860339        0.0000000000        0.0000000000
        0.0015584014        0.0047719057       -0.0101690808
        0.0000000000        0.2306774039       -0.0948327995
        0.0000000000        0.0057057310        0.0086883097
        0.0000000000       -0.2420468679       -0.0204797965
        0.0068711295        0.0000000000       -0.0824102891
       -0.0961078248        0.0000000000        0.0049195037
        0.0028863248        0.0000000000        0.0968038711
        0.0873933610        0.0000000000        0.0000000000
        0.0000000000       -0.0042207491        0.0104028765
        0.0000000000        0.0000000000        0.0000000000
       -0.0011335191        0.0000000000        0.0000000000
        0.0000000000       -0.0018674899        0.0000000000
        0.0000000000        0.0005388564       -0.0169903409
        0.0000000000       -0.1223747627        0.0770989600
        0.0000000000        0.0000000000        0.0000000000
       -0.0007207115        0.0000000000        0.0000000000
        0.0154941117        0.0000000000        0.0000000000
        0.0000000000       -0.0013469289        0.0000000000
        0.0000000000        0.0111132608        0.0000000000
        0.0000000000       -0.0007672008        0.0016960893
        0.0000000000        0.0070813005       -0.0014918495
        0.0000000000       -0.0127087701       -0.0033774733
        0.0000000000        0.0000000000        0.0000000000
        0.0056552202        0.0000000000        0.0000000000
        0.1047436333        0.0000000000        0.0000000000
        0.0083158575        0.0000000000        0.0000000000
        0.0000000000       -0.0062632402        0.0000000000
        0.0000000000       -0.0697536960        0.0000000000
        0.0000000000       -0.0003172156        0.0000000000
        0.0000000000        0.0044487713        0.0055638919
        0.0000000000        0.1166820901       -0.0755458077
        0.0000000000       -0.0023198350       -0.0081951325
        0.0000000000       -0.1182793408        0.0778038220
        0.0000000000        0.0026451971       -0.0066424600
       -0.0104131415        0.0000000000        0.0000000000
        0.0001975456       -0.0006933328        0.0004447631
        0.0000000000       -0.0300835357        0.0006046609
        0.0017506803        0.0000000000       -0.0145175810
        0.0012194179        0.0000000000        0.0000000000
        0.0013478060        0.0000000000        0.0000000000
        0.0027729147       -0.0029751888        0.0009886324
        0.0000000000        0.0017075093        0.0018026786
        0.0000000000       -0.1075424953        0.0014654412
       -0.0016492129        0.0000000000        0.0074928891
        0.0070958086        0.0000000000       -0.2313941876
       -0.0998575962        0.0000000000        0.0000000000
        0.0036903273        0.0000000000        0.0000000000
        0.0025966275        0.0000000000        0.0000000000
        0.1003785073        0.0000000000       -0.0000443626
        0.0000000000        0.0013440526       -0.0008702068
        0.0000000000       -0.0013440526       -0.0008702068
        0.0000000000       -0.0008229456       -0.0001993549
        0.0001426152        0.0000000000        0.0008739568
       -0.0013776632        0.0000000000       -0.0020753430
       -0.0004212118        0.0000000000        0.0008923759
        0.0011664278        0.0000000000        0.0000000000
        0.0004195249        0.0000000000        0.0000000000
        0.0015983718        0.0000000000        0.0000000000
       -0.0019210986        0.0000000000        0.0000000000
       -0.0005317474        0.0010227734        0.0052535616
        0.0000000000        0.0277260919        0.0129804346
        0.0000000000        0.1101544066        0.2233053803
        0.0000000000        0.0008229456        0.0005083868
        0.0000000000       -0.1397266324       -0.0210714979
       -0.0151601058       -0.0010982144        0.0000000000
        0.0000000000        0.0047332166        0.0010998313
        0.0010666270        0.0000000000       -0.0066073490
       -0.0017179727       -0.0045660233        0.0000000000
        0.0080427871        0.0079303761        0.0000000000
        0.0000000000        0.0008133568        0.0000000000
        0.0000000000        0.0015584014        0.0154002473
        0.0040670270        0.0000000000        0.0018769052
        0.0019430512        0.0000000000       -0.2488299737
       -0.0036020106       -0.0010561181        0.0000000000
       -0.0026998311       -0.0073708682        0.0000000000
       -0.0899096850        0.1034172558        0.0000000000
        0.0000000000        0.0016417675        0.0000000000
        0.0000000000       -0.0005860339        0.0000000000
        0.0000000000        0.0652080569       -0.0001993549
       -0.0001426152        0.0000000000       -0.0020753430
        0.0004212118        0.0000000000        0.0008739568
        0.0013776632        0.0000000000        0.0005083868
        0.0000000000       -0.0001508660        0.0000000000
       -0.0014898839        0.0011193697        0.0000000000
        0.0014898839        0.0011193697        0.0000000000
       -0.0004897855       -0.0010439163        0.0000000000
        0.0000000000       -0.0009253069        0.0000000000
        0.0000000000       -0.0014685593        0.0000000000
        0.0000000000        0.0034904664        0.0000000000
        0.0000000000        0.0003735313        0.0047719057
        0.0101690808        0.0000000000        0.0057057310
       -0.0086883097        0.0000000000        0.2306774039
        0.0948327995        0.0000000000        0.0008923759
        0.0004897855        0.0000000000       -0.2420468679
        0.0204797965        0.0068711295        0.0000000000
       -0.0049195037        0.0028863248        0.0000000000
        0.0824102891       -0.0961078248        0.0000000000
       -0.0011664278       -0.0010439163        0.0000000000
       -0.0968038711        0.0873933610        0.0000000000
        0.0000000000        0.0000000000        0.0042207491
        0.0104028765        0.0000000000        0.0000000000
        0.0000000000        0.0007207115        0.0000000000
        0.0000000000        0.0000000000       -0.0013469289
        0.0000000000        0.0000000000        0.0007672008
        0.0016960893        0.0000000000        0.0127087701
       -0.0033774733        0.0000000000        0.0000000000
        0.0000000000        0.0011335191        0.0000000000
        0.0000000000       -0.0070813005        0.0000000000
        0.0000000000        0.0000000000       -0.0018674899
        0.0000000000        0.0000000000       -0.0014918495
        0.0000000000        0.0000000000       -0.0005388564
       -0.0169903409        0.0000000000       -0.0154941117
        0.0111132608        0.0000000000        0.1223747627
        0.0770989600        0.0000000000        0.0000000000
        0.0000000000       -0.0004195249        0.0000000000
        0.0000000000        0.0019210986        0.0000000000
        0.0000000000       -0.0015983718        0.0000000000
        0.0000000000        0.0000000000       -0.0009253069
        0.0000000000        0.0000000000        0.0034904664
        0.0000000000        0.0000000000       -0.0014685593
        0.0000000000        0.0000000000        0.0000000000
       -0.0006722952        0.0000000000       -0.0002549051
        0.0018062722        0.0000000000        0.0002549051
        0.0018062722        0.0000000000       -0.0004348650
       -0.0014700421        0.0000000000        0.0000000000
        0.0000000000       -0.0056552202        0.0000000000
        0.0000000000       -0.0083158575        0.0000000000
        0.0000000000       -0.1047436333        0.0000000000
        0.0000000000        0.0004348650        0.0000000000
        0.0000000000        0.0000000000       -0.0062632402
        0.0000000000        0.0000000000       -0.0003172156
        0.0000000000        0.0000000000       -0.0697536960
        0.0000000000        0.0000000000       -0.0014700421
        0.0000000000        0.0000000000       -0.0044487713
        0.0055638919        0.0000000000        0.0023198350
       -0.0081951325        0.0000000000       -0.1166820901
       -0.0755458077        0.0000000000        0.0005317474
        0.0003735313        0.0000000000        0.1182793408
        0.0778038220        0.0000000000
