# SPECTRO #############
   99    1    0    0    0    0    0    4    0    0    0    0    0    0    0
    0    0    0    0    0    0    0    0    0    0    0    0    0    0    0
# GEOM #############
    5    0
 6.00      0.00000000     -0.89763508     -0.00000000
 6.00     -0.71609108      0.36802317      0.00000000
 6.00      0.71609108      0.36802317      0.00000000
 1.00     -1.60698009      0.96200471      0.00000000
 1.00      1.60698009      0.96200471      0.00000000
# WEIGHT #############
    0
# CURVIL #############

