# INTDER ###############
    3    3    3    0    0    3    0    0    0    1    0    0    0    1    1    0
STRE     1    2
STRE     1    3
BEND     2    1    3
    1   1   1.000000000   2   1.000000000
    2   3   1.000000000
    3   1   1.000000000   2  -1.000000000
    0
        0.0000000000       -0.1224745639       -0.0000000000
       -1.4360812039        0.9718801010        0.0000000000
        1.4360812039        0.9718801010        0.0000000000
DISP  69
    1       -0.0200000000
    0
    1       -0.0150000000
    2       -0.0050000000
    0
    1       -0.0150000000
    0
    1       -0.0150000000
    2        0.0050000000
    0
    1       -0.0100000000
    2       -0.0100000000
    0
    1       -0.0100000000
    2       -0.0050000000
    0
    1       -0.0100000000
    3       -0.0100000000
    0
    1       -0.0100000000
    0
    1       -0.0100000000
    3        0.0100000000
    0
    1       -0.0100000000
    2        0.0050000000
    0
    1       -0.0100000000
    2        0.0100000000
    0
    1       -0.0050000000
    2       -0.0150000000
    0
    1       -0.0050000000
    2       -0.0100000000
    0
    1       -0.0050000000
    2       -0.0050000000
    3       -0.0100000000
    0
    1       -0.0050000000
    2       -0.0050000000
    0
    1       -0.0050000000
    2       -0.0050000000
    3        0.0100000000
    0
    1       -0.0050000000
    3       -0.0100000000
    0
    1       -0.0050000000
    0
    1       -0.0050000000
    3        0.0100000000
    0
    1       -0.0050000000
    2        0.0050000000
    3       -0.0100000000
    0
    1       -0.0050000000
    2        0.0050000000
    0
    1       -0.0050000000
    2        0.0050000000
    3        0.0100000000
    0
    1       -0.0050000000
    2        0.0100000000
    0
    1       -0.0050000000
    2        0.0150000000
    0
    2       -0.0200000000
    0
    2       -0.0150000000
    0
    2       -0.0100000000
    3       -0.0100000000
    0
    2       -0.0100000000
    0
    2       -0.0100000000
    3        0.0100000000
    0
    2       -0.0050000000
    3       -0.0100000000
    0
    2       -0.0050000000
    0
    2       -0.0050000000
    3        0.0100000000
    0
    3       -0.0200000000
    0
    3       -0.0100000000
    0
    0
    3        0.0100000000
    0
    3        0.0200000000
    0
    2        0.0050000000
    3       -0.0100000000
    0
    2        0.0050000000
    0
    2        0.0050000000
    3        0.0100000000
    0
    2        0.0100000000
    3       -0.0100000000
    0
    2        0.0100000000
    0
    2        0.0100000000
    3        0.0100000000
    0
    2        0.0150000000
    0
    2        0.0200000000
    0
    1        0.0050000000
    2       -0.0150000000
    0
    1        0.0050000000
    2       -0.0100000000
    0
    1        0.0050000000
    2       -0.0050000000
    3       -0.0100000000
    0
    1        0.0050000000
    2       -0.0050000000
    0
    1        0.0050000000
    2       -0.0050000000
    3        0.0100000000
    0
    1        0.0050000000
    3       -0.0100000000
    0
    1        0.0050000000
    0
    1        0.0050000000
    3        0.0100000000
    0
    1        0.0050000000
    2        0.0050000000
    3       -0.0100000000
    0
    1        0.0050000000
    2        0.0050000000
    0
    1        0.0050000000
    2        0.0050000000
    3        0.0100000000
    0
    1        0.0050000000
    2        0.0100000000
    0
    1        0.0050000000
    2        0.0150000000
    0
    1        0.0100000000
    2       -0.0100000000
    0
    1        0.0100000000
    2       -0.0050000000
    0
    1        0.0100000000
    3       -0.0100000000
    0
    1        0.0100000000
    0
    1        0.0100000000
    3        0.0100000000
    0
    1        0.0100000000
    2        0.0050000000
    0
    1        0.0100000000
    2        0.0100000000
    0
    1        0.0150000000
    2       -0.0050000000
    0
    1        0.0150000000
    0
    1        0.0150000000
    2        0.0050000000
    0
    1        0.0200000000
    0

