!INPUT
TITLE
from anpass by BRW
INDEPENDENT VARIABLES
   3
DATA POINTS
   69   -2
(3F12.8,f20.12)
 -0.02000000  0.00000000  0.00000000      0.000206362273
 -0.01500000 -0.00500000  0.00000000      0.000126339127
 -0.01500000  0.00000000  0.00000000      0.000115071427
 -0.01500000  0.00500000  0.00000000      0.000107055313
 -0.01000000 -0.01000000  0.00000000      0.000069492931
 -0.01000000 -0.00500000  0.00000000      0.000058290395
 -0.01000000  0.00000000 -0.01000000      0.000100688642
 -0.01000000  0.00000000  0.00000000      0.000050353849
 -0.01000000  0.00000000  0.01000000      0.000100688642
 -0.01000000  0.00500000  0.00000000      0.000045664603
 -0.01000000  0.01000000  0.00000000      0.000044203819
 -0.00500000 -0.01500000  0.00000000      0.000035885416
 -0.00500000 -0.01000000  0.00000000      0.000024666619
 -0.00500000 -0.00500000 -0.01000000      0.000066834013
 -0.00500000 -0.00500000  0.00000000      0.000016727447
 -0.00500000 -0.00500000  0.01000000      0.000066834013
 -0.00500000  0.00000000 -0.01000000      0.000062119168
 -0.00500000  0.00000000  0.00000000      0.000012049702
 -0.00500000  0.00000000  0.01000000      0.000062119168
 -0.00500000  0.00500000 -0.01000000      0.000060646739
 -0.00500000  0.00500000  0.00000000      0.000010615034
 -0.00500000  0.00500000  0.01000000      0.000060646739
 -0.00500000  0.01000000  0.00000000      0.000012404940
 -0.00500000  0.01500000  0.00000000      0.000017400758
  0.00000000 -0.02000000  0.00000000      0.000025574435
  0.00000000 -0.01500000  0.00000000      0.000014259857
  0.00000000 -0.01000000 -0.01000000      0.000056112194
  0.00000000 -0.01000000  0.00000000      0.000006237752
  0.00000000 -0.01000000  0.01000000      0.000056112194
  0.00000000 -0.00500000 -0.01000000      0.000051328629
  0.00000000 -0.00500000  0.00000000      0.000001490418
  0.00000000 -0.00500000  0.01000000      0.000051328629
  0.00000000  0.00000000 -0.02000000      0.000199192509
  0.00000000  0.00000000 -0.01000000      0.000049801324
  0.00000000  0.00000000  0.00000000      0.000000000000
  0.00000000  0.00000000  0.01000000      0.000049801324
  0.00000000  0.00000000  0.02000000      0.000199192509
  0.00000000  0.00500000 -0.01000000      0.000051512274
  0.00000000  0.00500000  0.00000000      0.000001748489
  0.00000000  0.00500000  0.01000000      0.000051512274
  0.00000000  0.01000000 -0.01000000      0.000056443312
  0.00000000  0.01000000  0.00000000      0.000006717717
  0.00000000  0.01000000  0.01000000      0.000056443312
  0.00000000  0.01500000  0.00000000      0.000014889351
  0.00000000  0.02000000  0.00000000      0.000026244894
  0.00500000 -0.01500000  0.00000000      0.000018942239
  0.00500000 -0.01000000  0.00000000      0.000014046156
  0.00500000 -0.00500000 -0.01000000      0.000061986827
  0.00500000 -0.00500000  0.00000000      0.000012420033
  0.00500000 -0.00500000  0.01000000      0.000061986827
  0.00500000  0.00000000 -0.01000000      0.000063576490
  0.00500000  0.00000000  0.00000000      0.000014046361
  0.00500000  0.00000000  0.01000000      0.000063576490
  0.00500000  0.00500000 -0.01000000      0.000068400287
  0.00500000  0.00500000  0.00000000      0.000018907468
  0.00500000  0.00500000  0.01000000      0.000068400287
  0.00500000  0.01000000  0.00000000      0.000026985518
  0.00500000  0.01500000  0.00000000      0.000038262509
  0.01000000 -0.01000000  0.00000000      0.000047932004
  0.01000000 -0.00500000  0.00000000      0.000049357378
  0.01000000  0.00000000 -0.01000000      0.000103286441
  0.01000000  0.00000000  0.00000000      0.000054030770
  0.01000000  0.00000000  0.01000000      0.000103286441
  0.01000000  0.00500000  0.00000000      0.000061934843
  0.01000000  0.01000000  0.00000000      0.000073052097
  0.01500000 -0.00500000  0.00000000      0.000112143682
  0.01500000  0.00000000  0.00000000      0.000119795363
  0.01500000  0.00500000  0.00000000      0.000130673652
  0.02000000  0.00000000  0.00000000      0.000211182238
UNKNOWNS
  22
FUNCTION
    0    0    0    0    0    0    0    0    0    1    1    1    1    1    1    2
    2    2    2    3    3    4
    0    0    0    1    1    2    2    3    4    0    0    1    1    2    3    0
    0    1    2    0    1    0
    0    2    4    0    2    0    2    0    0    0    2    0    2    0    0    0
    2    0    0    0    0    0
END OF DATA
!FIT
!STATIONARY POINT
!END

