        0.3529837933        0.0000000000        0.0000000000
       -0.1764918967        0.1344963245        0.0000000000
       -0.1764918967       -0.1344963245        0.0000000000
        0.0000000000        0.2146271281        0.0000000000
        0.0887558927       -0.1073135640        0.0000000000
       -0.0887558927       -0.1073135640        0.0000000000
        0.0000000000        0.0000000000        0.0000000000
       -0.0000000000        0.0000000000        0.0000000000
        0.0000000000        0.0000000000        0.0000000000
       -0.1764918967        0.0887558927       -0.0000000000
        0.2205363931       -0.1116261086       -0.0000000000
       -0.0440444965        0.0228702159       -0.0000000000
        0.1344963245       -0.1073135640        0.0000000000
       -0.1116261086        0.1049035012        0.0000000000
       -0.0228702159        0.0024100629        0.0000000000
        0.0000000000        0.0000000000        0.0000000000
       -0.0000000000        0.0000000000        0.0000000000
        0.0000000000        0.0000000000        0.0000000000
       -0.1764918967       -0.0887558927        0.0000000000
       -0.0440444965       -0.0228702159        0.0000000000
        0.2205363931        0.1116261086        0.0000000000
       -0.1344963245       -0.1073135640        0.0000000000
        0.0228702159        0.0024100629        0.0000000000
        0.1116261086        0.1049035012        0.0000000000
        0.0000000000        0.0000000000        0.0000000000
       -0.0000000000        0.0000000000        0.0000000000
        0.0000000000        0.0000000000        0.0000000000
