       -0.0000000000        0.2749931390        0.0000000000
       -0.4367889665        0.0000000000        0.0000000000
        0.0000000000        0.0000000000       -0.1961484664
        0.0000000000        0.0353122330       -0.1374965695
       -0.0400741185        0.0000000000        0.0000000000
       -0.0811143139       -0.0353122330        0.1433586128
        0.0000000000        0.1147424852       -0.1374965695
        0.0566009797        0.2183944833        0.0000000000
        0.0000000000        0.0980742332        0.1599444842
       -0.0082634306        0.0000000000       -0.1628755059
       -0.0566009797       -0.1653720335        0.0000000000
        0.0248089746        0.1388608087        0.0000000000
        0.0000000000        0.0000000000       -0.1229166510
        0.0980742332        0.0000000000        0.0000000000
        0.0000000000        0.1020154825        0.0000000000
        0.0000000000        0.0000000000       -0.0958716685
        0.0000000000        0.0000000000        0.1229166510
       -0.0799438531        0.0000000000       -0.1278033205
        0.0868064784        0.0000000000       -0.0353122330
       -0.1374965695        0.0400741185        0.0000000000
        0.0000000000        0.0811143139        0.0000000000
       -0.0058620434        0.0000000000       -0.0794302522
       -0.0224479147       -0.0483375491        0.0000000000
        0.0029310217        0.0317920051        0.0000000000
        0.0000000000        0.0209011685        0.0000000000
        0.0000000000        0.0048866695        0.0353122330
        0.1433586128        0.0000000000        0.0794302522
        0.0195168930        0.0000000000       -0.1147424852
       -0.1374965695       -0.0566009797        0.2183944833
        0.0000000000        0.0000000000        0.0980742332
       -0.0224479147        0.0483375491        0.0000000000
        0.0195168930       -0.0000000000       -0.0530224497
        0.0000000000       -0.0165455440        0.0265112249
        0.0000000000        0.0000000000       -0.0022025647
        0.0000000000        0.0000000000       -0.0068626253
        0.1599444842        0.0082634306        0.0000000000
        0.0029310217        0.0165455440        0.0000000000
       -0.1628755059        0.0566009797       -0.1653720335
        0.0000000000       -0.0317920051        0.0265112249
        0.0000000000       -0.0248089746        0.1388608087
        0.0000000000        0.0000000000        0.0000000000
        0.1229166510        0.0980742332        0.0000000000
        0.0000000000        0.0000000000       -0.0209011685
        0.0000000000        0.0000000000        0.0000000000
       -0.0022025647        0.0000000000        0.0000000000
        0.0000000000       -0.0181303801        0.0000000000
        0.0257878380        0.0090651900        0.0000000000
        0.0000000000        0.0000000000       -0.1020154825
        0.0000000000        0.0000000000       -0.0257878380
        0.0000000000        0.0000000000        0.0000000000
       -0.0958716685        0.0000000000        0.0000000000
        0.0090651900        0.0000000000        0.0000000000
       -0.1229166510       -0.0799438531        0.0000000000
       -0.0048866695       -0.0068626253        0.0000000000
        0.1278033205        0.0868064784        0.0000000000
