# INTDER ###############
    3    3    3    0    0    3    0    0    0    1    0    0    0    1    1    0
STRE     1    2
STRE     1    3
BEND     2    1    3
    1   1   1.000000000   2   1.000000000
    2   3   1.000000000
    3   1   1.000000000   2  -1.000000000
    0
        0.0000000000       -0.1224745639       -0.0000000000
       -1.4360812039        0.9718801010        0.0000000000
        1.4360812039        0.9718801010        0.0000000000
DISP   1
    1       -0.0001945648
    2       -0.0000145428
    0

