# INTDER ###############
    3    3    3    4    0    3    2    0    0    1    3    0    0    0    0    0
STRE     1    2
STRE     1    3
BEND     2    1    3
    1   1   1.000000000   2   1.000000000
    2   3   1.000000000
    3   1   1.000000000   2  -1.000000000
    0
        0.0000000000       -0.1223764710        0.0000000000
       -1.4358664609        0.9718310546        0.0000000000
        1.4358664609        0.9718310546        0.0000000000
        O16           H1          H1
    1    1    0    0      4.552062734042
    2    1    0    0      0.549775312696
    2    2    0    0      0.564880936665
    3    1    0    0      0.000000000000
    3    2    0    0      0.000000000000
    3    3    0    0      4.343506902215
    0
    1    1    1    0     -5.523999324781
    2    1    1    0     -2.462110524972
    2    2    1    0     -0.145557681232
    2    2    2    0     -0.631412638639
    3    1    1    0      0.000000000000
    3    2    1    0      0.000000000000
    3    2    2    0      0.000000000000
    3    3    1    0     -4.702781752863
    3    3    2    0     -0.649024566257
    0
    1    1    1    1      2.649608217212
    2    1    1    1      6.207624326259
    2    2    1    1      0.300279988413
    2    2    2    1      2.346434065685
    2    2    2    2     -1.109174070628
    3    1    1    1      0.000000000000
    3    2    1    1      0.000000000000
    3    2    2    1      0.000000000000
    3    2    2    2      0.000000000000
    3    3    1    1    -10.611273666176
    3    3    2    1      0.771583755861
    3    3    2    2     -2.272837573514
    3    3    3    1      0.000000000000
    3    3    3    2      0.000000000000
    3    3    3    3    -11.137134748149
    0

